_C_5fc6021f_0 94 0 50 0 0 0 0 0 0 0 
_C_8587b4c3_0 94 0 50 0 0 1 0 0 0 0 
_C_99825741_0 94 0 48 0 0 0 0 0 0 0 
_C_43c3e19d_0 94 0 48 0 0 1 0 0 0 0 
_C_757f48ea_0 8c 0 18 0 0 206e73 
_C_a8ac8a62_0 8c 0 38 0 0 3a202568 0 6d6178 
_C_cb9c3ac5_0 8c 0 140 0 0 6563740a 0 636f7272 0 656e7420 0 70657263 0 20256420 0 6f72732c 0 20657272 0 2c202564 0 65737473 0 25642074 
_C_84cde4df_0 94 0 20 0 0 1869f 
_C_f6aac5fb_0 8c 0 170 0 0 2025680a 0 2043203d 0 7475616c 0 2c204163 0 3d202568 0 2c204320 0 3d202568 0 2c204220 0 3d202568 0 3a204120 0 73736564 0 7061 
_C_93944d2c_0 94 0 20 0 0 fffffff7 
_C_c47978ce_0 8c 0 170 0 0 2025680a 0 2043203d 0 7475616c 0 2c204163 0 3d202568 0 2c204320 0 3d202568 0 2c204220 0 3d202568 0 3a204120 0 696c6564 0 6661 
_C_41899bf8_0 94 0 48 0 0 1869f 0 0 0 0 
_C_4ea1e563_0 8c 0 148 0 0 6563740a 0 636f7272 0 656e7420 0 70657263 0 20256420 0 6f72732c 0 20657272 0 68202564 0 20776974 0 6e646564 0 45 
_C_1fdca360_0 84 0 8 0 0 0 
_C_c3cd4740_0 84 0 9 0 0 0 
_C_a33e7697_0 84 0 a 0 0 0 
_C_5d6abff8_0 8c 0 88 0 0 65737473 0 25642074 0 696e6720 0 74617274 0 53 
_C_15060b01_0 84 0 10 0 0 0 
_C_87cdcea6_0 94 0 50 0 0 1869f 0 0 0 0 
_C_4a36a305_0 94 0 50 0 0 64 0 0 0 0 
_C_d0c3e6a0_0 94 0 30 0 0 0 0 0 
_C_5c018d12_0 8c 0 f8 0 0 2025642e 0 73656564 0 69746820 0 74732077 0 20746573 0 67202564 0 7274696e 0 537461 
_C_f925ceb1_0 8c 0 188 0 0 6563740a 0 636f7272 0 656e7420 0 70657263 0 20256420 0 6f72732c 0 20657272 0 2c202564 0 65737473 0 25642074 0 65642c20 0 64207365 0 25 
_C_21cc7ed4_0 8c 0 b8 0 0 6f72730a 0 20657272 0 2c202568 0 65737473 0 39392074 0 393939 
_C_351a8780_0 94 0 20 0 0 0 
_C_6124b81d_0 84 0 30 0 0 0 0 0 
_C_3f7d714e_0 94 0 20 0 0 1 
_C_21d56a1c_0 94 0 20 0 0 2 
_C_8c72f65b_0 94 0 48 0 0 64 0 0 0 0 
_C_59da7438_0 94 0 28 0 0 0 0 0 
_C_6c42c73e_0 94 0 20 0 0 9 
_C_72eadc6c_0 94 0 20 0 0 a 
